41
453 4 1 93 4
888 6 2 4 5
888 1 2 40 1
354 1 4 66 0
888 1 5 69 2
888 1 4 51 0
163 9 4 25 0
888 4 2 34 1
157 3 0 41 4
354 5 0 39 0
354 4 4 74 4
888 9 4 60 3
888 3 2 91 4
734 5 3 72 2
241 5 1 80 2
354 6 3 44 2
543 2 3 68 0
109 4 2 60 2
543 6 5 78 2
435 1 1 9 4
453 8 2 34 3
888 1 2 34 3
888 7 5 67 5
888 8 0 6 4
543 5 5 96 5
947 5 4 56 2
888 6 2 58 1
453 4 0 15 3
534 6 5 66 4
397 1 1 25 1
888 9 5 61 2
888 1 1 27 2
888 1 0 68 1
68 5 5 81 0
888 1 2 29 1
888 2 0 2 2
888 4 4 92 3
277 5 3 24 0
543 7 5 24 1
491 3 3 40 4
543 5 1 3 5